CPU ANALYSIS - TIME SERIES STATISTICS
================================================================================

    Load |  Samples |  Avg CPU |    Std |    Min |    Max |    Avg PPS
--------------------------------------------------------------------------------
     100 |       41 |     2.59 |   1.33 |   0.00 |   4.98 |      19070
     200 |       44 |     3.52 |   1.55 |   0.00 |   6.95 |      34072
     300 |       40 |     4.31 |   2.12 |   0.00 |   8.32 |      31723
     400 |       44 |     4.49 |   2.52 |   0.00 |   8.28 |      31523
     500 |       41 |     4.98 |   2.36 |   0.00 |   8.50 |      33864
     600 |       43 |     5.15 |   2.49 |   0.00 |   8.55 |      34735
     700 |       42 |     5.50 |   2.12 |   0.00 |   8.33 |      36775
     800 |       41 |     5.44 |   2.05 |   0.00 |   8.54 |      36199
     900 |       42 |     5.56 |   2.38 |   0.00 |   8.56 |      35844
    1000 |       57 |     4.25 |   2.94 |   0.00 |   8.55 |      28425
