CPU ANALYSIS - TIME SERIES STATISTICS
================================================================================

    Load |  Samples |  Avg CPU |    Std |    Min |    Max |    Avg PPS
--------------------------------------------------------------------------------
     100 |       43 |     2.45 |   1.33 |   0.00 |   4.98 |      17572
     200 |       46 |     3.09 |   1.71 |   0.00 |   6.35 |      27622
     300 |       47 |     3.80 |   2.45 |   0.00 |   8.33 |      29910
     400 |       48 |     4.17 |   2.64 |   0.00 |   8.35 |      27968
     500 |       44 |     4.80 |   2.37 |   0.00 |   8.65 |      31892
     600 |       57 |     4.05 |   2.93 |   0.00 |  10.32 |      25607
     700 |       53 |     4.38 |   2.94 |   0.00 |  10.21 |      28468
     800 |       45 |     5.25 |   2.72 |   0.00 |   8.48 |      36337
     900 |       41 |     5.75 |   2.28 |   0.00 |   9.46 |      41295
    1000 |       46 |     5.19 |   2.49 |   0.00 |   8.41 |      36149
