CPU ANALYSIS - TIME SERIES STATISTICS
================================================================================

    Load |  Samples |  Avg CPU |    Std |    Min |    Max |    Avg PPS
--------------------------------------------------------------------------------
     100 |       40 |     2.48 |   1.58 |   0.00 |   6.21 |      17283
     200 |       41 |     3.15 |   1.72 |   0.00 |   6.12 |      30256
     300 |       40 |     4.18 |   2.11 |   0.00 |   8.03 |      32238
     400 |       40 |     4.69 |   2.08 |   0.00 |   8.33 |      32643
     500 |       42 |     5.10 |   1.93 |   0.00 |   8.33 |      34772
     600 |       45 |     4.86 |   2.51 |   0.00 |   8.31 |      31929
     700 |       42 |     5.23 |   2.09 |   0.00 |   8.56 |      33767
     800 |       42 |     5.64 |   2.08 |   0.00 |   8.57 |      35033
     900 |       61 |     3.65 |   2.98 |   0.00 |   8.45 |      21729
    1000 |       44 |     5.06 |   2.45 |   0.00 |   8.34 |      33161
