CPU ANALYSIS - TIME SERIES STATISTICS
================================================================================

    Load |  Samples |  Avg CPU |    Std |    Min |    Max |    Avg PPS
--------------------------------------------------------------------------------
     100 |       43 |     2.19 |   1.31 |   0.00 |   5.10 |      15746
     200 |       44 |     3.10 |   1.83 |   0.00 |   7.56 |      27864
     300 |       43 |     3.90 |   2.21 |   0.00 |   7.21 |      28845
     400 |       42 |     4.58 |   2.14 |   0.00 |   8.33 |      31974
     500 |       41 |     4.92 |   2.28 |   0.00 |   8.34 |      32479
     600 |       41 |     5.34 |   1.93 |   0.00 |   8.34 |      34943
     700 |       43 |     5.06 |   2.41 |   0.00 |  10.29 |      31847
     800 |       43 |     5.35 |   2.34 |   0.00 |   8.43 |      35082
     900 |       32 |     5.37 |   2.47 |   0.00 |   8.35 |      36688
    1000 |       49 |     4.59 |   2.61 |   0.00 |   8.57 |      27766
